<?xml version="1.0" encoding="UTF-8" standalone="no"?>
<!DOCTYPE svg PUBLIC "-//W3C//DTD SVG 20010904//EN"
              "http://www.w3.org/TR/2001/REC-SVG-20010904/DTD/svg10.dtd">

<svg xmlns="http://www.w3.org/2000/svg"
     width="5.125in" height="7.05556in"
     viewBox="0 0 369 508">
  <path id="Selection #1"
        fill="none" stroke="black" stroke-width="1"
        d="M 201.00,23.00
           C 201.00,23.00 200.00,24.00 200.00,24.00
             200.00,24.00 200.00,23.00 200.00,23.00
             200.00,23.00 201.00,23.00 201.00,23.00 Z
           M 217.00,24.00
           C 217.00,24.00 210.00,31.00 210.00,31.00
             211.59,27.76 212.97,24.06 217.00,24.00 Z
           M 233.00,28.00
           C 233.00,28.00 231.00,24.00 231.00,24.00
             231.00,24.00 233.00,28.00 233.00,28.00 Z
           M 182.00,25.00
           C 182.00,25.00 181.00,26.00 181.00,26.00
             181.00,26.00 181.00,25.00 181.00,25.00
             181.00,25.00 182.00,25.00 182.00,25.00 Z
           M 184.00,25.00
           C 184.00,25.00 183.00,26.00 183.00,26.00
             183.00,26.00 183.00,25.00 183.00,25.00
             183.00,25.00 184.00,25.00 184.00,25.00 Z
           M 193.00,32.00
           C 193.00,32.00 197.00,25.00 197.00,25.00
             197.00,25.00 193.00,32.00 193.00,32.00 Z
           M 204.00,25.00
           C 204.00,25.00 203.00,26.00 203.00,26.00
             203.00,26.00 203.00,25.00 203.00,25.00
             203.00,25.00 204.00,25.00 204.00,25.00 Z
           M 222.00,32.00
           C 222.00,32.00 219.00,25.00 219.00,25.00
             221.40,27.44 222.46,28.47 222.00,32.00 Z
           M 188.00,32.00
           C 188.00,32.00 185.00,26.00 185.00,26.00
             185.00,26.00 188.00,32.00 188.00,32.00 Z
           M 207.00,40.00
           C 207.00,40.00 217.00,26.00 217.00,26.00
             217.00,26.00 223.00,39.00 223.00,39.00
             223.00,39.00 225.00,39.00 225.00,39.00
             226.14,33.42 226.59,30.90 231.00,27.00
             231.00,27.00 237.00,39.00 237.00,39.00
             237.00,39.00 239.00,39.00 239.00,39.00
             239.00,39.00 244.00,28.00 244.00,28.00
             244.00,28.00 246.00,28.00 246.00,28.00
             246.00,28.00 249.00,40.00 249.00,40.00
             249.00,40.00 259.00,32.00 259.00,32.00
             259.00,32.00 257.96,47.00 257.96,47.00
             257.96,47.00 257.96,60.00 257.96,60.00
             257.96,60.00 257.00,73.00 257.00,73.00
             257.00,73.00 258.04,93.00 258.04,93.00
             258.14,95.28 258.86,100.93 259.54,103.00
             261.79,109.81 264.31,108.11 261.00,117.00
             261.00,117.00 248.00,111.79 248.00,111.79
             240.25,109.58 233.39,111.47 227.00,116.00
             236.24,112.10 243.41,109.92 253.00,114.83
             267.00,122.01 269.29,142.43 258.00,153.00
             260.47,156.45 259.99,157.90 260.00,162.00
             260.02,171.59 259.82,175.27 261.61,185.00
             262.27,188.52 264.38,193.68 262.79,196.91
             260.52,201.51 251.72,204.52 247.00,205.85
             239.78,207.87 225.45,209.82 218.00,209.82
             218.00,209.82 210.00,209.04 210.00,209.04
             204.67,208.80 199.02,209.05 194.00,207.00
             199.09,206.51 201.16,207.75 206.00,207.96
             217.57,208.47 229.50,209.02 240.83,205.93
             246.81,204.29 253.85,202.65 256.25,196.00
             258.09,190.87 252.51,182.31 253.05,172.00
             253.43,166.11 254.79,165.31 253.05,159.00
             251.33,165.12 249.50,168.59 244.00,172.00
             244.00,172.00 251.90,159.63 251.90,159.63
             251.90,159.63 258.00,154.00 258.00,154.00
             258.00,154.00 250.00,157.00 250.00,157.00
             242.66,147.01 235.96,149.00 225.00,149.00
             226.43,138.83 229.63,127.27 221.70,118.58
             201.48,96.40 167.30,114.58 169.19,137.00
             170.69,154.92 190.18,167.04 207.00,161.78
             217.13,158.61 219.68,152.49 224.09,151.11
             224.09,151.11 230.00,151.11 230.00,151.11
             237.65,150.41 250.62,150.20 248.76,161.96
             247.08,172.59 231.87,169.20 225.00,171.00
             225.00,171.00 233.00,171.95 233.00,171.95
             233.00,171.95 243.00,171.95 243.00,171.95
             243.00,171.95 235.00,172.96 235.00,172.96
             232.00,173.08 221.96,172.72 224.25,167.21
             225.85,163.35 237.14,164.98 240.96,165.03
             242.65,165.05 245.85,165.47 246.71,163.53
             247.57,161.59 245.33,159.71 243.91,158.81
             240.40,156.58 235.08,156.05 231.00,156.18
             228.65,155.98 223.00,155.78 221.01,156.18
             217.65,157.34 214.53,161.04 208.00,162.90
             194.40,166.78 178.18,162.01 171.40,149.00
             169.67,145.69 168.34,140.73 168.09,137.00
             166.94,119.47 181.50,107.97 198.00,107.25
             206.42,106.87 217.95,109.99 222.00,118.00
             232.04,109.31 240.38,106.88 253.00,112.00
             254.43,103.28 247.98,105.37 247.77,99.91
             247.77,99.91 249.01,89.00 249.01,89.00
             249.01,89.00 249.01,61.00 249.01,61.00
             249.01,61.00 250.00,41.00 250.00,41.00
             244.04,40.51 244.13,39.27 242.00,34.00
             242.00,34.00 239.00,40.00 239.00,40.00
             231.50,39.41 232.79,40.37 228.00,32.00
             226.73,36.20 223.19,44.03 217.65,38.60
             217.65,38.60 213.00,31.00 213.00,31.00
             213.00,31.00 209.00,41.00 209.00,41.00
             204.40,38.60 203.26,32.46 201.00,28.00
             200.43,33.32 196.08,42.88 189.22,38.97
             189.22,38.97 183.00,32.00 183.00,32.00
             180.89,37.39 179.07,39.26 174.00,42.00
             175.99,36.57 178.72,30.75 184.00,28.00
             184.95,29.98 188.01,36.98 190.17,37.38
             192.90,37.89 197.53,28.26 199.00,26.00
             204.37,28.84 205.97,34.31 207.00,40.00 Z
           M 206.00,32.00
           C 206.00,32.00 204.00,27.00 204.00,27.00
             204.00,27.00 206.00,32.00 206.00,32.00 Z
           M 156.00,37.00
           C 156.00,37.00 160.00,28.00 160.00,28.00
             160.00,28.00 156.00,37.00 156.00,37.00 Z
           M 261.00,28.00
           C 261.00,28.00 260.00,29.00 260.00,29.00
             260.00,29.00 260.00,28.00 260.00,28.00
             260.00,28.00 261.00,28.00 261.00,28.00 Z
           M 183.00,30.00
           C 183.00,30.00 184.00,31.00 184.00,31.00
             184.00,31.00 184.00,30.00 184.00,30.00
             184.00,30.00 183.00,30.00 183.00,30.00 Z
           M 146.00,31.00
           C 146.00,31.00 142.00,33.00 142.00,33.00
             143.43,30.82 143.36,30.49 146.00,31.00 Z
           M 172.00,43.00
           C 172.00,43.00 164.00,33.00 164.00,33.00
             164.00,33.00 157.22,53.00 157.22,53.00
             157.22,53.00 160.00,88.00 160.00,88.00
             160.00,88.00 161.00,114.00 161.00,114.00
             161.00,114.00 162.00,129.00 162.00,129.00
             162.00,129.00 162.00,147.00 162.00,147.00
             162.00,147.00 161.00,163.00 161.00,163.00
             161.00,163.00 161.00,188.00 161.00,188.00
             161.00,188.00 170.00,188.00 170.00,188.00
             165.54,193.61 162.44,196.27 161.27,204.00
             160.75,208.12 162.11,209.73 161.27,214.00
             161.27,214.00 156.00,231.00 156.00,231.00
             167.86,232.82 171.98,235.02 185.00,233.54
             187.81,233.22 192.30,233.00 194.49,231.15
             197.42,228.69 197.20,224.31 198.70,221.09
             200.28,217.68 202.73,216.41 206.00,215.00
             206.00,215.00 206.00,213.00 206.00,213.00
             206.00,213.00 171.00,204.00 171.00,204.00
             171.00,204.00 170.00,207.00 170.00,207.00
             170.00,207.00 170.00,202.00 170.00,202.00
             179.34,203.69 186.57,209.34 207.00,211.00
             205.82,219.32 203.06,216.50 200.16,221.22
             198.41,224.06 198.70,228.83 196.28,231.49
             192.32,235.83 179.61,235.03 174.00,235.00
             166.14,234.96 149.30,231.61 144.60,224.90
             143.07,222.71 142.98,220.56 143.17,218.00
             143.17,218.00 144.00,199.00 144.00,199.00
             144.00,191.35 142.21,187.62 149.00,183.00
             145.73,182.99 141.99,183.30 139.21,181.26
             132.96,176.68 134.38,166.61 141.02,163.17
             144.93,161.15 148.33,162.30 152.00,164.00
             148.76,160.81 147.47,160.48 143.00,160.00
             143.00,160.00 132.73,70.00 132.73,70.00
             132.73,70.00 127.00,42.00 127.00,42.00
             133.02,43.72 136.26,46.00 141.00,50.00
             141.00,50.00 144.00,33.00 144.00,33.00
             144.00,33.00 156.00,44.00 156.00,44.00
             156.00,44.00 161.00,30.00 161.00,30.00
             165.66,31.73 172.09,37.77 172.00,43.00 Z
           M 223.00,35.00
           C 223.00,35.00 225.00,30.00 225.00,30.00
             225.49,32.83 225.25,33.26 223.00,35.00 Z
           M 237.00,34.00
           C 237.00,34.00 240.00,32.00 240.00,32.00
             240.00,32.00 239.00,35.00 239.00,35.00
             239.00,35.00 237.00,35.00 237.00,35.00
             237.00,35.00 235.00,30.00 235.00,30.00
             235.00,30.00 237.00,34.00 237.00,34.00 Z
           M 241.00,30.00
           C 241.00,30.00 240.00,31.00 240.00,31.00
             240.00,31.00 240.00,30.00 240.00,30.00
             240.00,30.00 241.00,30.00 241.00,30.00 Z
           M 256.00,32.00
           C 256.00,32.00 252.00,34.00 252.00,34.00
             252.00,34.00 256.00,32.00 256.00,32.00 Z
           M 153.00,38.00
           C 153.00,38.00 147.00,32.00 147.00,32.00
             147.00,32.00 153.00,38.00 153.00,38.00 Z
           M 176.00,33.00
           C 176.00,33.00 175.00,34.00 175.00,34.00
             175.00,34.00 175.00,33.00 175.00,33.00
             175.00,33.00 176.00,33.00 176.00,33.00 Z
           M 210.00,34.00
           C 210.00,34.00 207.00,35.00 207.00,35.00
             207.00,35.00 207.00,33.00 207.00,33.00
             207.00,33.00 210.00,34.00 210.00,34.00 Z
           M 251.00,33.00
           C 251.00,33.00 250.00,34.00 250.00,34.00
             250.00,34.00 250.00,33.00 250.00,33.00
             250.00,33.00 251.00,33.00 251.00,33.00 Z
           M 190.00,34.00
           C 190.00,34.00 189.00,35.00 189.00,35.00
             189.00,35.00 189.00,34.00 189.00,34.00
             189.00,34.00 190.00,34.00 190.00,34.00 Z
           M 156.00,38.00
           C 156.00,38.00 155.00,39.00 155.00,39.00
             155.00,39.00 155.00,38.00 155.00,38.00
             155.00,38.00 156.00,38.00 156.00,38.00 Z
           M 176.00,39.00
           C 176.00,39.00 177.00,40.00 177.00,40.00
             177.00,40.00 177.00,39.00 177.00,39.00
             177.00,39.00 176.00,39.00 176.00,39.00 Z
           M 126.00,40.00
           C 126.00,40.00 125.00,41.00 125.00,41.00
             125.00,41.00 125.00,40.00 125.00,40.00
             125.00,40.00 126.00,40.00 126.00,40.00 Z
           M 129.00,40.00
           C 129.00,40.00 128.00,41.00 128.00,41.00
             128.00,41.00 128.00,40.00 128.00,40.00
             128.00,40.00 129.00,40.00 129.00,40.00 Z
           M 141.00,40.00
           C 141.00,40.00 140.00,41.00 140.00,41.00
             140.00,41.00 140.00,40.00 140.00,40.00
             140.00,40.00 141.00,40.00 141.00,40.00 Z
           M 132.00,41.00
           C 132.00,41.00 131.00,42.00 131.00,42.00
             131.00,42.00 131.00,41.00 131.00,41.00
             131.00,41.00 132.00,41.00 132.00,41.00 Z
           M 134.00,42.00
           C 134.00,42.00 133.00,43.00 133.00,43.00
             133.00,43.00 133.00,42.00 133.00,42.00
             133.00,42.00 134.00,42.00 134.00,42.00 Z
           M 140.00,43.00
           C 140.00,43.00 139.00,44.00 139.00,44.00
             139.00,44.00 139.00,43.00 139.00,43.00
             139.00,43.00 140.00,43.00 140.00,43.00 Z
           M 128.00,61.00
           C 128.00,61.00 125.00,47.00 125.00,47.00
             127.39,50.90 129.49,56.51 128.00,61.00 Z
           M 131.00,68.00
           C 131.00,68.00 130.00,69.00 130.00,69.00
             130.00,69.00 130.00,68.00 130.00,68.00
             130.00,68.00 131.00,68.00 131.00,68.00 Z
           M 132.00,74.00
           C 132.00,74.00 131.00,75.00 131.00,75.00
             131.00,75.00 131.00,74.00 131.00,74.00
             131.00,74.00 132.00,74.00 132.00,74.00 Z
           M 132.00,76.00
           C 132.00,76.00 131.00,77.00 131.00,77.00
             131.00,77.00 131.00,76.00 131.00,76.00
             131.00,76.00 132.00,76.00 132.00,76.00 Z
           M 133.00,80.00
           C 133.00,80.00 132.00,81.00 132.00,81.00
             132.00,81.00 132.00,80.00 132.00,80.00
             132.00,80.00 133.00,80.00 133.00,80.00 Z
           M 134.00,87.00
           C 134.00,87.00 133.00,88.00 133.00,88.00
             133.00,88.00 133.00,87.00 133.00,87.00
             133.00,87.00 134.00,87.00 134.00,87.00 Z
           M 134.00,92.00
           C 134.00,92.00 133.00,93.00 133.00,93.00
             133.00,93.00 133.00,92.00 133.00,92.00
             133.00,92.00 134.00,92.00 134.00,92.00 Z
           M 135.00,95.00
           C 135.00,95.00 134.00,96.00 134.00,96.00
             134.00,96.00 134.00,95.00 134.00,95.00
             134.00,95.00 135.00,95.00 135.00,95.00 Z
           M 261.00,99.00
           C 261.00,99.00 260.00,100.00 260.00,100.00
             260.00,100.00 260.00,99.00 260.00,99.00
             260.00,99.00 261.00,99.00 261.00,99.00 Z
           M 264.00,109.00
           C 264.00,109.00 261.00,102.00 261.00,102.00
             261.00,102.00 264.00,109.00 264.00,109.00 Z
           M 220.47,119.04
           C 234.04,135.98 219.96,163.40 198.00,161.82
             182.53,160.70 170.84,151.15 171.00,135.00
             171.10,126.23 173.96,120.92 181.00,115.53
             185.06,112.42 188.14,111.55 193.00,110.46
             203.15,109.06 213.66,110.54 220.47,119.04 Z
           M 180.04,117.33
           C 174.21,122.36 172.08,127.47 172.00,135.00
             171.98,137.58 171.92,140.51 172.64,143.00
             175.94,154.43 189.51,161.92 201.00,160.70
             217.53,158.94 227.57,145.21 223.76,129.00
             222.96,125.56 221.76,121.93 219.44,119.18
             213.31,111.93 203.85,110.62 195.00,111.17
             189.18,112.06 184.61,113.38 180.04,117.33 Z
           M 251.00,114.95
           C 244.43,112.17 230.05,112.21 226.22,119.33
             224.38,122.74 227.17,125.81 227.82,131.00
             228.64,137.65 227.26,141.73 226.00,148.00
             237.12,148.00 243.25,146.33 251.00,156.00
             268.92,149.89 268.32,122.30 251.00,114.95 Z
           M 137.00,116.00
           C 137.00,116.00 136.00,117.00 136.00,117.00
             136.00,117.00 136.00,116.00 136.00,116.00
             136.00,116.00 137.00,116.00 137.00,116.00 Z
           M 263.00,118.00
           C 263.00,118.00 262.00,119.00 262.00,119.00
             262.00,119.00 262.00,118.00 262.00,118.00
             262.00,118.00 263.00,118.00 263.00,118.00 Z
           M 266.00,131.00
           C 266.00,131.00 262.00,120.00 262.00,120.00
             265.11,123.12 267.43,126.51 266.00,131.00 Z
           M 138.00,122.00
           C 138.00,122.00 137.00,123.00 137.00,123.00
             137.00,123.00 137.00,122.00 137.00,122.00
             137.00,122.00 138.00,122.00 138.00,122.00 Z
           M 190.86,136.64
           C 186.82,138.40 181.28,133.04 187.23,128.76
             195.18,127.30 194.81,134.92 190.86,136.64 Z
           M 251.57,135.81
           C 248.06,138.07 242.58,134.11 247.31,129.07
             254.00,127.27 254.73,133.77 251.57,135.81 Z
           M 139.00,132.00
           C 139.00,132.00 138.00,133.00 138.00,133.00
             138.00,133.00 138.00,132.00 138.00,132.00
             138.00,132.00 139.00,132.00 139.00,132.00 Z
           M 268.00,132.00
           C 268.00,132.00 267.00,133.00 267.00,133.00
             267.00,133.00 267.00,132.00 267.00,132.00
             267.00,132.00 268.00,132.00 268.00,132.00 Z
           M 268.00,138.00
           C 268.00,138.00 267.00,139.00 267.00,139.00
             267.00,139.00 267.00,138.00 267.00,138.00
             267.00,138.00 268.00,138.00 268.00,138.00 Z
           M 139.00,141.00
           C 139.00,141.00 138.00,142.00 138.00,142.00
             138.00,142.00 138.00,141.00 138.00,141.00
             138.00,141.00 139.00,141.00 139.00,141.00 Z
           M 267.00,141.00
           C 267.00,141.00 266.00,142.00 266.00,142.00
             266.00,142.00 266.00,141.00 266.00,141.00
             266.00,141.00 267.00,141.00 267.00,141.00 Z
           M 265.00,147.00
           C 265.00,147.00 266.00,143.00 266.00,143.00
             266.00,143.00 265.00,147.00 265.00,147.00 Z
           M 140.00,144.00
           C 140.00,144.00 139.00,145.00 139.00,145.00
             139.00,145.00 139.00,144.00 139.00,144.00
             139.00,144.00 140.00,144.00 140.00,144.00 Z
           M 264.00,149.00
           C 264.00,149.00 263.00,150.00 263.00,150.00
             263.00,150.00 263.00,149.00 263.00,149.00
             263.00,149.00 264.00,149.00 264.00,149.00 Z
           M 140.00,151.00
           C 140.00,151.00 139.00,152.00 139.00,152.00
             139.00,152.00 139.00,151.00 139.00,151.00
             139.00,151.00 140.00,151.00 140.00,151.00 Z
           M 141.00,154.00
           C 141.00,154.00 140.00,155.00 140.00,155.00
             140.00,155.00 140.00,154.00 140.00,154.00
             140.00,154.00 141.00,154.00 141.00,154.00 Z
           M 138.00,163.00
           C 138.00,163.00 138.00,162.00 138.00,162.00
             138.00,162.00 140.00,160.00 140.00,160.00
             140.00,160.00 138.00,163.00 138.00,163.00 Z
           M 133.00,175.00
           C 133.14,169.01 133.47,168.40 136.00,163.00
             136.00,163.00 133.00,175.00 133.00,175.00 Z
           M 263.00,176.00
           C 263.00,176.00 262.00,177.00 262.00,177.00
             262.00,177.00 262.00,176.00 262.00,176.00
             262.00,176.00 263.00,176.00 263.00,176.00 Z
           M 137.00,182.00
           C 137.00,182.00 134.00,179.00 134.00,179.00
             134.00,179.00 137.00,182.00 137.00,182.00 Z
           M 142.00,186.00
           C 142.00,186.00 138.00,183.00 138.00,183.00
             138.00,183.00 142.00,186.00 142.00,186.00 Z
           M 263.00,200.00
           C 263.00,200.00 265.00,194.00 265.00,194.00
             265.77,197.19 265.15,197.66 263.00,200.00 Z
           M 175.00,195.00
           C 175.00,195.00 174.00,201.00 174.00,201.00
             174.00,201.00 193.00,207.00 193.00,207.00
             185.68,206.39 178.78,203.70 172.00,201.00
             172.00,201.00 174.00,196.00 174.00,196.00
             169.06,201.33 169.80,200.52 168.00,207.00
             166.90,201.21 169.19,196.64 175.00,195.00 Z
           M 262.00,201.00
           C 262.00,201.00 261.00,202.00 261.00,202.00
             261.00,202.00 261.00,201.00 261.00,201.00
             261.00,201.00 262.00,201.00 262.00,201.00 Z
           M 258.00,204.00
           C 258.00,204.00 254.00,205.00 254.00,205.00
             254.00,205.00 257.00,203.00 257.00,203.00
             257.00,203.00 258.00,204.00 258.00,204.00 Z
           M 232.00,210.00
           C 232.00,210.00 231.00,211.00 231.00,211.00
             231.00,211.00 231.00,210.00 231.00,210.00
             231.00,210.00 232.00,210.00 232.00,210.00 Z
           M 226.00,211.00
           C 226.00,211.00 225.00,212.00 225.00,212.00
             225.00,212.00 225.00,211.00 225.00,211.00
             225.00,211.00 226.00,211.00 226.00,211.00 Z
           M 229.00,211.00
           C 229.00,211.00 228.00,212.00 228.00,212.00
             228.00,212.00 228.00,211.00 228.00,211.00
             228.00,211.00 229.00,211.00 229.00,211.00 Z
           M 112.00,214.00
           C 112.00,214.00 111.00,215.00 111.00,215.00
             111.00,215.00 111.00,214.00 111.00,214.00
             111.00,214.00 112.00,214.00 112.00,214.00 Z
           M 114.00,214.00
           C 114.00,214.00 113.00,215.00 113.00,215.00
             113.00,215.00 113.00,214.00 113.00,214.00
             113.00,214.00 114.00,214.00 114.00,214.00 Z
           M 103.00,215.00
           C 103.00,215.00 102.00,216.00 102.00,216.00
             102.00,216.00 102.00,215.00 102.00,215.00
             102.00,215.00 103.00,215.00 103.00,215.00 Z
           M 118.00,215.00
           C 118.00,215.00 117.00,216.00 117.00,216.00
             117.00,216.00 117.00,215.00 117.00,215.00
             117.00,215.00 118.00,215.00 118.00,215.00 Z
           M 109.00,222.00
           C 109.00,222.00 102.00,221.00 102.00,221.00
             102.00,221.00 105.00,216.00 105.00,216.00
             105.00,216.00 109.00,222.00 109.00,222.00 Z
           M 122.00,221.00
           C 122.00,221.00 111.00,217.00 111.00,217.00
             111.00,217.00 110.00,222.00 110.00,222.00
             110.00,222.00 109.00,216.00 109.00,216.00
             113.62,216.39 119.25,216.92 122.00,221.00 Z
           M 121.00,216.00
           C 121.00,216.00 120.00,217.00 120.00,217.00
             120.00,217.00 120.00,216.00 120.00,216.00
             120.00,216.00 121.00,216.00 121.00,216.00 Z
           M 205.00,220.00
           C 205.00,220.00 208.00,216.00 208.00,216.00
             208.00,216.00 205.00,220.00 205.00,220.00 Z
           M 73.00,217.00
           C 73.00,217.00 72.00,218.00 72.00,218.00
             72.00,218.00 72.00,217.00 72.00,217.00
             72.00,217.00 73.00,217.00 73.00,217.00 Z
           M 76.00,217.00
           C 76.00,217.00 75.00,218.00 75.00,218.00
             75.00,218.00 75.00,217.00 75.00,217.00
             75.00,217.00 76.00,217.00 76.00,217.00 Z
           M 92.00,217.00
           C 92.00,217.00 91.00,218.00 91.00,218.00
             91.00,218.00 91.00,217.00 91.00,217.00
             91.00,217.00 92.00,217.00 92.00,217.00 Z
           M 96.00,218.00
           C 96.00,218.00 95.00,219.00 95.00,219.00
             95.00,219.00 95.00,218.00 95.00,218.00
             95.00,218.00 96.00,218.00 96.00,218.00 Z
           M 98.00,218.00
           C 98.00,218.00 97.00,219.00 97.00,219.00
             97.00,219.00 97.00,218.00 97.00,218.00
             97.00,218.00 98.00,218.00 98.00,218.00 Z
           M 126.00,218.00
           C 126.00,218.00 125.00,219.00 125.00,219.00
             125.00,219.00 125.00,218.00 125.00,218.00
             125.00,218.00 126.00,218.00 126.00,218.00 Z
           M 90.00,220.00
           C 85.70,220.57 81.07,220.63 77.00,219.00
             77.00,219.00 90.00,220.00 90.00,220.00 Z
           M 131.00,221.00
           C 131.00,221.00 127.00,219.00 127.00,219.00
             127.00,219.00 131.00,221.00 131.00,221.00 Z
           M 75.00,221.00
           C 75.00,221.00 60.00,225.00 60.00,225.00
             62.88,220.73 70.29,219.19 75.00,221.00 Z
           M 96.00,221.00
           C 96.00,221.00 92.00,220.00 92.00,220.00
             92.00,220.00 96.00,221.00 96.00,221.00 Z
           M 143.07,251.00
           C 141.44,256.98 137.24,262.19 132.00,265.44
             130.33,266.47 127.52,268.06 125.58,266.87
             125.58,266.87 119.53,254.00 119.53,254.00
             117.50,250.75 113.05,247.71 113.00,244.00
             113.00,244.00 119.22,251.04 119.22,251.04
             123.07,256.24 123.43,259.73 130.91,260.84
             137.78,261.86 142.65,251.81 142.66,246.00
             142.66,243.46 141.52,239.35 140.52,237.00
             137.13,228.99 129.31,225.14 123.00,220.00
             135.50,223.65 146.76,237.54 143.07,251.00 Z
           M 137.00,220.00
           C 137.00,220.00 136.00,221.00 136.00,221.00
             136.00,221.00 136.00,220.00 136.00,220.00
             136.00,220.00 137.00,220.00 137.00,220.00 Z
           M 141.00,220.00
           C 141.00,220.00 140.00,221.00 140.00,221.00
             140.00,221.00 140.00,220.00 140.00,220.00
             140.00,220.00 141.00,220.00 141.00,220.00 Z
           M 204.00,220.00
           C 204.00,220.00 203.00,221.00 203.00,221.00
             203.00,221.00 203.00,220.00 203.00,220.00
             203.00,220.00 204.00,220.00 204.00,220.00 Z
           M 59.00,221.00
           C 59.00,221.00 58.00,222.00 58.00,222.00
             58.00,222.00 58.00,221.00 58.00,221.00
             58.00,221.00 59.00,221.00 59.00,221.00 Z
           M 134.00,222.00
           C 134.00,222.00 133.00,223.00 133.00,223.00
             133.00,223.00 133.00,222.00 133.00,222.00
             133.00,222.00 134.00,222.00 134.00,222.00 Z
           M 107.98,225.42
           C 110.21,228.64 110.00,240.79 110.00,245.00
             110.00,245.00 104.00,243.00 104.00,243.00
             104.00,243.00 108.00,244.00 108.00,244.00
             109.13,236.01 109.38,229.41 104.00,223.00
             105.70,223.63 106.85,223.78 107.98,225.42 Z
           M 111.00,243.00
           C 111.00,243.00 111.00,223.00 111.00,223.00
             112.79,227.52 112.79,238.48 111.00,243.00 Z
           M 151.00,230.74
           C 161.12,236.06 174.67,238.33 186.00,236.56
             191.64,235.68 196.13,235.37 199.00,230.00
             206.41,232.23 207.09,238.26 208.58,245.00
             209.85,250.76 213.03,271.47 215.09,274.98
             216.55,277.48 217.79,278.32 220.00,280.00
             213.88,272.89 214.24,266.91 212.75,258.00
             212.75,258.00 209.00,238.00 209.00,238.00
             214.48,237.80 226.30,237.06 230.79,240.09
             234.90,242.85 235.50,248.50 236.13,253.00
             238.00,266.28 236.36,274.69 229.00,286.00
             229.00,286.00 220.00,280.00 220.00,280.00
             231.27,291.27 239.54,301.28 243.84,317.00
             244.78,320.44 246.61,327.69 245.40,330.99
             243.09,337.30 227.28,344.76 221.00,347.19
             200.55,355.11 178.62,356.48 157.00,354.05
             149.75,353.24 136.84,351.18 131.00,347.00
             131.00,347.00 154.00,352.56 154.00,352.56
             173.53,355.70 196.23,354.33 215.00,348.00
             221.92,345.66 226.74,343.63 233.00,339.80
             235.36,338.35 238.35,336.78 239.12,333.91
             239.85,331.14 237.58,321.96 236.65,319.00
             232.98,307.29 229.75,302.22 221.74,292.96
             218.35,289.05 212.36,283.40 209.84,279.00
             207.15,274.30 206.63,261.04 205.84,255.00
             204.83,247.25 202.09,240.40 200.00,233.00
             191.78,238.49 178.60,238.95 169.00,237.57
             169.00,237.57 153.00,234.29 153.00,234.29
             151.01,234.40 147.09,236.21 145.00,237.00
             148.67,252.11 142.73,261.14 131.00,270.00
             133.60,264.95 137.59,263.02 140.89,258.00
             151.24,242.28 140.05,233.56 136.00,224.00
             142.84,222.61 143.59,226.84 151.00,230.74 Z
           M 54.00,224.00
           C 54.00,224.00 53.00,225.00 53.00,225.00
             53.00,225.00 53.00,224.00 53.00,224.00
             53.00,224.00 54.00,224.00 54.00,224.00 Z
           M 59.00,224.00
           C 59.00,224.00 58.00,225.00 58.00,225.00
             58.00,225.00 58.00,224.00 58.00,224.00
             58.00,224.00 59.00,224.00 59.00,224.00 Z
           M 49.00,228.00
           C 49.00,228.00 49.00,227.00 49.00,227.00
             49.00,227.00 51.00,225.00 51.00,225.00
             51.00,225.00 49.00,228.00 49.00,228.00 Z
           M 46.00,234.00
           C 46.00,234.00 56.00,225.00 56.00,225.00
             56.07,227.93 48.54,232.72 46.00,234.00 Z
           M 42.00,238.00
           C 42.00,238.00 47.00,228.00 47.00,228.00
             47.08,231.75 44.30,235.16 42.00,238.00 Z
           M 154.00,229.00
           C 154.00,229.00 155.00,230.00 155.00,230.00
             155.00,230.00 155.00,229.00 155.00,229.00
             155.00,229.00 154.00,229.00 154.00,229.00 Z
           M 207.00,232.00
           C 207.00,232.00 204.00,229.00 204.00,229.00
             204.00,229.00 207.00,232.00 207.00,232.00 Z
           M 90.00,236.00
           C 90.00,236.00 90.00,238.00 90.00,238.00
             90.00,238.00 92.00,237.00 92.00,237.00
             92.00,237.00 94.00,238.00 94.00,238.00
             94.00,238.00 94.00,240.00 94.00,240.00
             94.00,240.00 88.00,239.00 88.00,239.00
             88.00,239.00 99.00,243.56 99.00,243.56
             105.04,245.76 109.81,245.71 114.90,250.33
             121.67,256.48 123.62,268.23 123.25,277.00
             122.97,283.78 122.58,291.52 116.00,295.00
             116.00,295.00 119.00,273.00 119.00,273.00
             119.00,273.00 117.00,293.00 117.00,293.00
             125.43,281.81 123.77,258.38 111.96,249.80
             107.82,246.79 103.67,246.52 99.00,244.92
             91.85,242.47 86.86,239.80 81.00,235.00
             81.00,235.00 89.00,243.00 89.00,243.00
             84.42,241.04 81.05,239.38 81.00,234.00
             81.00,234.00 79.00,231.00 79.00,231.00
             79.00,231.00 90.00,236.00 90.00,236.00 Z
           M 209.00,235.00
           C 209.00,235.00 208.00,236.00 208.00,236.00
             208.00,236.00 208.00,235.00 208.00,235.00
             208.00,235.00 209.00,235.00 209.00,235.00 Z
           M 212.00,235.00
           C 212.00,235.00 211.00,236.00 211.00,236.00
             211.00,236.00 211.00,235.00 211.00,235.00
             211.00,235.00 212.00,235.00 212.00,235.00 Z
           M 220.00,236.00
           C 220.00,236.00 215.00,235.00 215.00,235.00
             215.00,235.00 220.00,236.00 220.00,236.00 Z
           M 224.00,235.00
           C 224.00,235.00 223.00,236.00 223.00,236.00
             223.00,236.00 223.00,235.00 223.00,235.00
             223.00,235.00 224.00,235.00 224.00,235.00 Z
           M 231.00,237.00
           C 231.00,237.00 230.00,238.00 230.00,238.00
             230.00,238.00 230.00,237.00 230.00,237.00
             230.00,237.00 231.00,237.00 231.00,237.00 Z
           M 103.00,243.00
           C 103.00,243.00 95.00,240.00 95.00,240.00
             95.00,240.00 103.00,243.00 103.00,243.00 Z
           M 43.00,246.00
           C 43.00,246.00 43.00,241.00 43.00,241.00
             43.00,241.00 43.00,246.00 43.00,246.00 Z
           M 236.00,242.00
           C 236.00,242.00 235.00,243.00 235.00,243.00
             235.00,243.00 235.00,242.00 235.00,242.00
             235.00,242.00 236.00,242.00 236.00,242.00 Z
           M 99.00,248.00
           C 99.00,248.00 90.00,243.00 90.00,243.00
             90.00,243.00 99.00,248.00 99.00,248.00 Z
           M 54.92,260.23
           C 54.92,260.23 75.00,270.00 75.00,270.00
             62.79,268.90 46.59,259.74 44.00,247.00
             44.00,247.00 54.92,260.23 54.92,260.23 Z
           M 108.96,251.65
           C 113.90,255.31 119.02,265.92 117.00,272.00
             116.09,265.52 114.05,257.82 108.90,253.39
             108.90,253.39 100.00,248.00 100.00,248.00
             103.23,248.76 106.24,249.63 108.96,251.65 Z
           M 247.00,249.00
           C 247.00,249.00 246.00,250.00 246.00,250.00
             246.00,250.00 246.00,249.00 246.00,249.00
             246.00,249.00 247.00,249.00 247.00,249.00 Z
           M 43.00,250.00
           C 43.00,250.00 42.00,251.00 42.00,251.00
             42.00,251.00 42.00,250.00 42.00,250.00
             42.00,250.00 43.00,250.00 43.00,250.00 Z
           M 241.00,250.00
           C 241.00,250.00 238.00,257.00 238.00,257.00
             238.00,257.00 238.00,250.00 238.00,250.00
             238.00,250.00 241.00,250.00 241.00,250.00 Z
           M 249.00,250.00
           C 249.00,250.00 248.00,251.00 248.00,251.00
             248.00,251.00 248.00,250.00 248.00,250.00
             248.00,250.00 249.00,250.00 249.00,250.00 Z
           M 256.00,255.78
           C 260.66,258.22 267.21,262.53 270.00,267.01
             275.77,276.29 271.69,291.39 266.29,300.00
             266.29,300.00 253.69,316.09 253.69,316.09
             252.90,318.54 254.02,328.59 255.60,330.63
             257.41,332.96 263.60,335.88 261.83,339.69
             259.92,343.82 248.77,341.02 245.00,341.00
             248.51,342.27 253.58,344.05 252.63,348.86
             252.39,350.06 251.81,350.88 250.69,351.39
             247.88,352.66 240.96,350.84 240.31,344.98
             239.45,337.09 246.44,335.34 247.40,329.99
             248.22,325.46 244.26,313.77 243.00,309.00
             243.00,309.00 245.00,309.00 245.00,309.00
             245.00,309.00 247.95,321.01 247.95,321.01
             249.36,328.41 247.13,339.67 259.00,337.00
             248.01,333.01 252.25,330.18 251.71,322.00
             251.51,319.59 250.81,317.52 251.71,315.10
             252.93,312.07 256.22,310.77 259.34,306.82
             264.84,299.84 267.61,293.97 267.96,285.00
             268.35,275.10 264.82,270.05 257.00,264.29
             251.21,260.03 245.29,257.80 242.00,251.00
             247.31,251.82 251.24,253.29 256.00,255.78 Z
           M 46.00,258.00
           C 46.00,258.00 43.00,252.00 43.00,252.00
             43.00,252.00 46.00,258.00 46.00,258.00 Z
           M 254.00,252.00
           C 254.00,252.00 253.00,253.00 253.00,253.00
             253.00,253.00 253.00,252.00 253.00,252.00
             253.00,252.00 254.00,252.00 254.00,252.00 Z
           M 263.00,257.00
           C 263.00,257.00 262.00,258.00 262.00,258.00
             262.00,258.00 262.00,257.00 262.00,257.00
             262.00,257.00 263.00,257.00 263.00,257.00 Z
           M 272.00,266.00
           C 272.00,266.00 264.00,258.00 264.00,258.00
             264.00,258.00 272.00,266.00 272.00,266.00 Z
           M 237.07,278.71
           C 237.45,280.27 238.98,281.80 240.00,283.00
             240.00,283.00 235.69,279.78 235.69,279.78
             235.69,279.78 236.77,272.00 236.77,272.00
             236.77,272.00 238.00,260.00 238.00,260.00
             241.83,267.70 236.11,274.76 237.07,278.71 Z
           M 133.00,262.00
           C 133.00,262.00 134.00,263.00 134.00,263.00
             134.00,263.00 134.00,262.00 134.00,262.00
             134.00,262.00 133.00,262.00 133.00,262.00 Z
           M 83.00,262.00
           C 83.00,262.00 83.00,269.00 83.00,269.00
             83.00,269.00 82.00,263.00 82.00,263.00
             82.00,263.00 82.00,271.00 82.00,271.00
             82.00,271.00 76.00,270.00 76.00,270.00
             76.00,270.00 80.00,270.00 80.00,270.00
             80.00,270.00 81.00,262.00 81.00,262.00
             81.00,262.00 83.00,262.00 83.00,262.00 Z
           M 274.00,274.00
           C 274.00,274.00 272.00,267.00 272.00,267.00
             274.21,269.61 274.91,270.60 274.00,274.00 Z
           M 62.00,268.00
           C 62.00,268.00 61.00,269.00 61.00,269.00
             61.00,269.00 61.00,268.00 61.00,268.00
             61.00,268.00 62.00,268.00 62.00,268.00 Z
           M 59.00,283.00
           C 59.00,283.00 63.00,269.00 63.00,269.00
             64.18,273.35 61.55,279.43 59.00,283.00 Z
           M 79.00,272.00
           C 79.00,272.00 73.35,289.00 73.35,289.00
             73.35,289.00 71.00,298.00 71.00,298.00
             71.00,298.00 81.00,273.00 81.00,273.00
             81.00,273.00 83.00,273.00 83.00,273.00
             86.53,280.62 84.09,280.84 84.18,288.00
             84.18,288.00 84.18,296.00 84.18,296.00
             84.08,300.47 83.02,301.13 84.18,306.00
             84.18,306.00 86.00,296.00 86.00,296.00
             92.04,296.77 93.20,294.31 98.00,291.00
             96.53,296.46 94.75,297.28 93.22,302.00
             91.69,306.75 91.95,312.05 92.00,317.00
             92.00,317.00 92.96,327.00 92.96,327.00
             92.96,327.00 92.96,335.00 92.96,335.00
             92.96,335.00 94.00,352.00 94.00,352.00
             94.00,352.00 94.91,362.00 94.91,362.00
             94.91,362.00 99.17,412.00 99.17,412.00
             99.17,412.00 103.99,455.00 103.99,455.00
             104.12,460.83 103.36,468.17 99.36,472.77
             97.26,475.21 95.04,475.80 92.00,476.38
             83.64,477.99 78.76,474.96 74.10,468.00
             65.36,454.93 62.39,427.83 60.93,412.00
             60.93,412.00 59.00,383.00 59.00,383.00
             59.00,383.00 58.00,360.00 58.00,360.00
             58.00,360.00 57.00,343.00 57.00,343.00
             57.00,343.00 57.00,305.00 57.00,305.00
             57.02,292.22 61.34,281.66 66.00,270.00
             66.00,270.00 79.00,272.00 79.00,272.00 Z
           M 88.00,276.00
           C 84.79,274.07 84.79,273.61 84.00,270.00
             84.00,270.00 88.00,276.00 88.00,276.00 Z
           M 130.21,288.59
           C 129.76,290.04 129.12,290.16 128.00,291.00
             130.81,284.34 130.00,280.05 130.21,273.00
             131.18,275.99 131.77,285.69 130.21,288.59 Z
           M 274.00,280.00
           C 274.00,280.00 274.00,275.00 274.00,275.00
             274.00,275.00 274.00,280.00 274.00,280.00 Z
           M 87.00,281.00
           C 87.00,281.00 87.00,277.00 87.00,277.00
             87.00,277.00 87.00,281.00 87.00,281.00 Z
           M 101.00,279.00
           C 98.48,285.30 97.51,289.59 92.00,294.00
             91.09,287.58 93.63,284.19 97.00,279.00
             97.00,279.00 101.00,279.00 101.00,279.00 Z
           M 101.00,288.00
           C 101.00,288.00 101.00,281.00 101.00,281.00
             101.00,281.00 101.00,288.00 101.00,288.00 Z
           M 114.97,282.59
           C 116.51,284.72 114.84,292.49 114.00,295.00
             114.00,295.00 113.00,282.00 113.00,282.00
             112.94,288.19 111.64,299.86 103.00,299.00
             111.12,294.21 111.91,290.15 112.00,281.00
             113.19,281.42 114.10,281.40 114.97,282.59 Z
           M 86.00,287.00
           C 86.00,287.00 86.00,282.00 86.00,282.00
             86.00,282.00 86.00,287.00 86.00,287.00 Z
           M 125.00,282.00
           C 125.00,282.00 124.00,283.00 124.00,283.00
             124.00,283.00 124.00,282.00 124.00,282.00
             124.00,282.00 125.00,282.00 125.00,282.00 Z
           M 275.00,282.00
           C 275.00,282.00 274.00,283.00 274.00,283.00
             274.00,283.00 274.00,282.00 274.00,282.00
             274.00,282.00 275.00,282.00 275.00,282.00 Z
           M 239.00,285.00
           C 239.00,285.00 235.00,293.00 235.00,293.00
             227.50,287.13 231.17,281.64 239.00,285.00 Z
           M 55.00,298.00
           C 55.00,298.00 58.00,284.00 58.00,284.00
             59.04,287.83 56.82,294.47 55.00,298.00 Z
           M 239.81,290.63
           C 237.17,294.37 237.93,296.48 239.81,300.00
             232.36,295.64 237.65,290.56 241.00,285.00
             241.00,285.00 244.00,284.00 244.00,284.00
             245.31,287.17 241.60,287.58 239.81,290.63 Z
           M 128.00,287.00
           C 128.00,287.00 127.00,288.00 127.00,288.00
             127.00,288.00 127.00,287.00 127.00,287.00
             127.00,287.00 128.00,287.00 128.00,287.00 Z
           M 122.00,296.00
           C 122.00,296.00 126.00,289.00 126.00,289.00
             125.94,292.63 124.62,293.69 122.00,296.00 Z
           M 91.00,295.00
           C 87.44,293.86 87.14,293.56 86.00,290.00
             86.00,290.00 91.00,295.00 91.00,295.00 Z
           M 101.00,299.00
           C 101.00,299.00 100.00,290.00 100.00,290.00
             100.00,290.00 101.00,299.00 101.00,299.00 Z
           M 129.00,292.00
           C 129.00,292.00 129.00,293.00 129.00,293.00
             126.14,295.79 124.15,297.89 124.00,302.00
             124.00,302.00 121.00,304.00 121.00,304.00
             121.00,304.00 127.00,292.00 127.00,292.00
             127.00,292.00 129.00,292.00 129.00,292.00 Z
           M 118.00,297.00
           C 118.00,297.00 121.00,293.00 121.00,293.00
             121.00,293.00 118.00,297.00 118.00,297.00 Z
           M 272.00,294.00
           C 272.00,294.00 271.00,295.00 271.00,295.00
             271.00,295.00 271.00,294.00 271.00,294.00
             271.00,294.00 272.00,294.00 272.00,294.00 Z
           M 113.00,296.00
           C 113.00,296.00 108.00,301.00 108.00,301.00
             108.00,301.00 111.00,296.00 111.00,296.00
             111.00,296.00 113.00,296.00 113.00,296.00 Z
           M 99.00,299.00
           C 99.00,299.00 96.00,298.00 96.00,298.00
             96.00,298.00 99.00,299.00 99.00,299.00 Z
           M 55.00,299.00
           C 55.00,299.00 54.00,300.00 54.00,300.00
             54.00,300.00 54.00,299.00 54.00,299.00
             54.00,299.00 55.00,299.00 55.00,299.00 Z
           M 119.00,303.00
           C 119.00,303.00 120.00,299.00 120.00,299.00
             120.00,299.00 119.00,303.00 119.00,303.00 Z
           M 262.00,309.00
           C 262.00,309.00 269.00,299.00 269.00,299.00
             268.40,303.33 265.32,306.39 262.00,309.00 Z
           M 36.00,300.00
           C 36.00,300.00 35.00,301.00 35.00,301.00
             35.00,301.00 35.00,300.00 35.00,300.00
             35.00,300.00 36.00,300.00 36.00,300.00 Z
           M 55.00,301.00
           C 55.00,301.00 54.00,302.00 54.00,302.00
             54.00,302.00 54.00,301.00 54.00,301.00
             54.00,301.00 55.00,301.00 55.00,301.00 Z
           M 242.00,308.00
           C 242.00,308.00 239.00,301.00 239.00,301.00
             241.90,302.96 242.62,304.52 242.00,308.00 Z
           M 47.82,306.56
           C 58.11,315.25 55.31,335.14 41.00,339.52
             28.30,343.41 17.51,332.50 19.18,319.00
             20.08,311.76 24.50,306.64 31.00,303.70
             36.72,302.41 43.12,302.59 47.82,306.56 Z
           M 55.00,304.00
           C 55.00,304.00 55.00,312.00 55.00,312.00
             55.00,312.00 46.00,303.00 46.00,303.00
             46.00,303.00 55.00,304.00 55.00,304.00 Z
           M 116.00,312.00
           C 116.00,312.00 118.00,304.00 118.00,304.00
             118.61,307.37 117.74,309.15 116.00,312.00 Z
           M 117.00,318.00
           C 117.00,318.00 120.00,305.00 120.00,305.00
             121.08,308.25 118.83,315.12 117.00,318.00 Z
           M 18.00,313.00
           C 18.00,313.00 21.00,308.00 21.00,308.00
             21.00,308.00 18.00,313.00 18.00,313.00 Z
           M 256.00,315.00
           C 256.00,315.00 256.00,314.00 256.00,314.00
             256.00,314.00 258.00,312.00 258.00,312.00
             258.00,312.00 256.00,315.00 256.00,315.00 Z
           M 16.00,318.00
           C 16.00,318.00 17.00,314.00 17.00,314.00
             17.00,314.00 16.00,318.00 16.00,318.00 Z
           M 115.00,317.00
           C 115.00,317.00 114.00,318.00 114.00,318.00
             114.00,318.00 114.00,317.00 114.00,317.00
             114.00,317.00 115.00,317.00 115.00,317.00 Z
           M 115.00,319.00
           C 115.00,319.00 114.00,320.00 114.00,320.00
             114.00,320.00 114.00,319.00 114.00,319.00
             114.00,319.00 115.00,319.00 115.00,319.00 Z
           M 116.00,336.00
           C 116.00,336.00 116.00,319.00 116.00,319.00
             117.45,322.66 117.87,332.61 116.00,336.00 Z
           M 115.00,321.00
           C 115.00,321.00 114.00,322.00 114.00,322.00
             114.00,322.00 114.00,321.00 114.00,321.00
             114.00,321.00 115.00,321.00 115.00,321.00 Z
           M 27.00,340.00
           C 20.27,336.31 17.71,331.27 16.00,324.00
             16.00,324.00 27.00,340.00 27.00,340.00 Z
           M 45.00,339.00
           C 45.00,339.00 54.00,329.00 54.00,329.00
             56.69,335.78 51.99,340.89 45.00,339.00 Z
           M 114.00,329.00
           C 114.00,329.00 113.00,330.00 113.00,330.00
             113.00,330.00 113.00,329.00 113.00,329.00
             113.00,329.00 114.00,329.00 114.00,329.00 Z
           M 265.00,336.00
           C 265.00,336.00 264.00,337.00 264.00,337.00
             264.00,337.00 264.00,336.00 264.00,336.00
             264.00,336.00 265.00,336.00 265.00,336.00 Z
           M 118.00,341.00
           C 118.00,341.00 130.00,347.00 130.00,347.00
             124.29,345.37 118.10,343.40 117.00,337.00
             117.00,337.00 118.00,341.00 118.00,341.00 Z
           M 265.00,338.00
           C 265.00,338.00 264.00,339.00 264.00,339.00
             264.00,339.00 264.00,338.00 264.00,338.00
             264.00,338.00 265.00,338.00 265.00,338.00 Z
           M 96.00,339.00
           C 96.00,339.00 95.00,340.00 95.00,340.00
             95.00,340.00 95.00,339.00 95.00,339.00
             95.00,339.00 96.00,339.00 96.00,339.00 Z
           M 29.00,340.00
           C 29.00,340.00 28.00,341.00 28.00,341.00
             28.00,341.00 28.00,340.00 28.00,340.00
             28.00,340.00 29.00,340.00 29.00,340.00 Z
           M 53.00,341.00
           C 53.00,341.00 48.00,341.00 48.00,341.00
             48.00,341.00 53.00,341.00 53.00,341.00 Z
           M 232.10,356.00
           C 225.17,365.05 211.36,373.06 200.00,374.85
             200.00,374.85 189.00,374.85 189.00,374.85
             189.00,374.85 189.00,389.00 189.00,389.00
             189.00,389.00 176.00,391.71 176.00,391.71
             166.29,392.98 151.62,391.84 142.00,389.79
             135.08,388.32 126.49,387.66 127.17,379.00
             127.17,379.00 129.80,362.43 129.80,362.43
             129.52,360.77 128.85,360.26 128.00,359.00
             128.00,359.00 128.00,361.00 128.00,361.00
             128.00,361.00 127.00,361.00 127.00,361.00
             127.00,361.00 126.00,360.00 126.00,360.00
             126.00,360.00 123.00,346.00 123.00,346.00
             159.44,360.57 204.03,362.11 238.00,340.00
             239.86,345.66 235.41,351.67 232.10,356.00 Z
           M 31.00,341.00
           C 31.00,341.00 30.00,342.00 30.00,342.00
             30.00,342.00 30.00,341.00 30.00,341.00
             30.00,341.00 31.00,341.00 31.00,341.00 Z
           M 260.00,343.00
           C 260.00,343.00 261.00,343.00 261.00,343.00
             261.00,343.00 263.00,341.00 263.00,341.00
             263.00,341.00 260.00,343.00 260.00,343.00 Z
           M 34.00,342.00
           C 34.00,342.00 33.00,343.00 33.00,343.00
             33.00,343.00 33.00,342.00 33.00,342.00
             33.00,342.00 34.00,342.00 34.00,342.00 Z
           M 43.00,342.00
           C 43.00,342.00 42.00,343.00 42.00,343.00
             42.00,343.00 42.00,342.00 42.00,342.00
             42.00,342.00 43.00,342.00 43.00,342.00 Z
           M 45.00,342.00
           C 45.00,342.00 44.00,343.00 44.00,343.00
             44.00,343.00 44.00,342.00 44.00,342.00
             44.00,342.00 45.00,342.00 45.00,342.00 Z
           M 119.00,344.00
           C 119.00,344.00 118.00,345.00 118.00,345.00
             118.00,345.00 118.00,344.00 118.00,344.00
             118.00,344.00 119.00,344.00 119.00,344.00 Z
           M 255.00,351.00
           C 255.00,351.00 254.00,344.00 254.00,344.00
             255.85,346.86 256.18,347.75 255.00,351.00 Z
           M 259.00,344.00
           C 259.00,344.00 258.00,345.00 258.00,345.00
             258.00,345.00 258.00,344.00 258.00,344.00
             258.00,344.00 259.00,344.00 259.00,344.00 Z
           M 124.00,357.00
           C 124.00,357.00 120.00,347.00 120.00,347.00
             120.00,347.00 124.00,357.00 124.00,357.00 Z
           M 240.00,349.00
           C 240.00,349.00 240.00,350.00 240.00,350.00
             240.00,350.00 236.00,354.00 236.00,354.00
             236.00,354.00 238.00,349.00 238.00,349.00
             238.00,349.00 240.00,349.00 240.00,349.00 Z
           M 245.00,353.00
           C 245.00,353.00 244.00,354.00 244.00,354.00
             244.00,354.00 244.00,353.00 244.00,353.00
             244.00,353.00 245.00,353.00 245.00,353.00 Z
           M 252.00,353.00
           C 252.00,353.00 251.00,354.00 251.00,354.00
             251.00,354.00 251.00,353.00 251.00,353.00
             251.00,353.00 252.00,353.00 252.00,353.00 Z
           M 248.00,354.00
           C 248.00,354.00 247.00,355.00 247.00,355.00
             247.00,355.00 247.00,354.00 247.00,354.00
             247.00,354.00 248.00,354.00 248.00,354.00 Z
           M 232.00,361.00
           C 232.00,361.00 235.00,355.00 235.00,355.00
             235.00,355.00 232.00,361.00 232.00,361.00 Z
           M 216.00,370.63
           C 216.00,370.63 231.00,361.00 231.00,361.00
             231.00,361.00 230.00,378.00 230.00,378.00
             229.87,385.55 226.84,385.33 220.00,386.20
             210.40,387.92 200.59,386.78 191.00,386.20
             191.00,386.20 191.00,377.00 191.00,377.00
             199.52,375.87 208.22,374.52 216.00,370.63 Z
           M 127.00,368.00
           C 127.00,368.00 128.00,362.00 128.00,362.00
             128.00,362.00 127.00,368.00 127.00,368.00 Z
           M 125.00,376.00
           C 125.00,376.00 126.00,370.00 126.00,370.00
             127.08,373.03 126.88,373.44 125.00,376.00 Z
           M 98.00,374.00
           C 98.00,374.00 97.00,375.00 97.00,375.00
             97.00,375.00 97.00,374.00 97.00,374.00
             97.00,374.00 98.00,374.00 98.00,374.00 Z
           M 98.00,378.00
           C 98.00,378.00 97.00,379.00 97.00,379.00
             97.00,379.00 97.00,378.00 97.00,378.00
             97.00,378.00 98.00,378.00 98.00,378.00 Z
           M 126.00,378.00
           C 126.00,378.00 125.00,379.00 125.00,379.00
             125.00,379.00 125.00,378.00 125.00,378.00
             125.00,378.00 126.00,378.00 126.00,378.00 Z
           M 124.00,386.00
           C 124.00,386.00 124.00,381.00 124.00,381.00
             124.00,381.00 124.00,386.00 124.00,386.00 Z
           M 230.00,385.00
           C 230.00,385.00 231.00,383.00 231.00,383.00
             231.81,384.63 232.11,385.08 230.00,385.00 Z
           M 127.00,387.00
           C 127.00,387.00 126.00,388.00 126.00,388.00
             126.00,388.00 126.00,387.00 126.00,387.00
             126.00,387.00 127.00,387.00 127.00,387.00 Z
           M 131.00,388.00
           C 131.00,388.00 130.00,389.00 130.00,389.00
             130.00,389.00 130.00,388.00 130.00,388.00
             130.00,388.00 131.00,388.00 131.00,388.00 Z
           M 194.09,388.12
           C 194.09,388.12 217.00,389.00 217.00,389.00
             215.80,398.12 216.52,398.32 210.00,402.19
             212.85,401.76 215.21,401.39 218.00,402.19
             228.82,406.20 230.82,425.45 225.01,433.90
             221.27,439.34 212.80,441.33 209.00,435.00
             222.35,430.40 222.48,408.55 206.00,407.00
             206.00,407.00 210.00,402.00 210.00,402.00
             207.87,403.35 205.50,405.18 203.00,405.65
             197.63,406.67 189.78,402.90 187.31,397.98
             186.16,395.69 186.12,393.48 186.00,391.00
             186.00,391.00 194.09,388.12 194.09,388.12 Z
           M 218.00,391.00
           C 218.00,391.00 218.00,390.00 218.00,390.00
             218.00,390.00 220.00,388.00 220.00,388.00
             220.00,388.00 218.00,391.00 218.00,391.00 Z
           M 223.00,388.00
           C 223.00,388.00 222.00,389.00 222.00,389.00
             222.00,389.00 222.00,388.00 222.00,388.00
             222.00,388.00 223.00,388.00 223.00,388.00 Z
           M 99.00,389.00
           C 99.00,389.00 98.00,390.00 98.00,390.00
             98.00,390.00 98.00,389.00 98.00,389.00
             98.00,389.00 99.00,389.00 99.00,389.00 Z
           M 142.00,392.00
           C 142.00,392.00 141.00,393.00 141.00,393.00
             141.00,393.00 141.00,392.00 141.00,392.00
             141.00,392.00 142.00,392.00 142.00,392.00 Z
           M 159.00,393.91
           C 159.00,393.91 184.00,392.00 184.00,392.00
             185.67,401.99 192.81,405.67 202.00,407.55
             204.67,408.10 210.60,408.67 212.66,410.01
             216.93,412.78 217.59,420.45 216.66,425.00
             214.11,437.48 197.36,435.07 188.00,433.84
             165.55,430.90 149.07,416.47 149.00,393.00
             149.00,393.00 159.00,393.91 159.00,393.91 Z
           M 219.00,392.00
           C 219.00,392.00 218.00,393.00 218.00,393.00
             218.00,393.00 218.00,392.00 218.00,392.00
             218.00,392.00 219.00,392.00 219.00,392.00 Z
           M 230.00,397.00
           C 230.00,397.00 229.00,398.00 229.00,398.00
             229.00,398.00 229.00,397.00 229.00,397.00
             229.00,397.00 230.00,397.00 230.00,397.00 Z
           M 221.00,401.00
           C 221.00,401.00 218.00,398.00 218.00,398.00
             218.00,398.00 221.00,401.00 221.00,401.00 Z
           M 241.00,404.00
           C 241.00,404.00 240.00,400.00 240.00,400.00
             247.56,400.61 248.50,403.95 252.00,410.00
             252.00,410.00 253.00,407.00 253.00,407.00
             254.36,412.06 257.74,417.75 256.00,423.00
             256.00,423.00 252.00,410.00 252.00,410.00
             253.55,416.89 254.91,419.53 255.00,427.00
             255.00,427.00 255.00,437.00 255.00,437.00
             254.84,450.53 248.32,466.39 236.00,473.00
             235.63,467.17 236.89,466.76 240.00,462.00
             240.00,462.00 235.00,466.00 235.00,466.00
             232.80,460.51 231.54,456.70 227.67,452.00
             225.66,449.55 220.63,445.28 220.63,442.09
             220.63,438.54 225.28,437.23 227.87,431.00
             232.77,419.22 227.93,412.24 223.00,402.00
             230.23,399.29 235.17,398.30 241.00,404.00 Z
           M 245.00,412.00
           C 245.00,412.00 242.00,404.00 242.00,404.00
             241.52,407.58 242.84,409.26 245.00,412.00 Z
           M 54.00,405.00
           C 54.00,405.00 53.00,406.00 53.00,406.00
             53.00,406.00 53.00,405.00 53.00,405.00
             53.00,405.00 54.00,405.00 54.00,405.00 Z
           M 35.00,407.00
           C 35.00,407.00 34.00,408.00 34.00,408.00
             34.00,408.00 34.00,407.00 34.00,407.00
             34.00,407.00 35.00,407.00 35.00,407.00 Z
           M 40.00,444.89
           C 27.86,443.85 22.05,429.47 26.15,419.00
             28.71,412.45 34.39,408.90 41.00,407.56
             67.77,406.79 64.28,446.98 40.00,444.89 Z
           M 58.00,415.00
           C 58.00,415.00 52.00,407.00 52.00,407.00
             56.89,408.38 60.29,408.99 58.00,415.00 Z
           M 33.00,408.00
           C 33.00,408.00 32.00,409.00 32.00,409.00
             32.00,409.00 32.00,408.00 32.00,408.00
             32.00,408.00 33.00,408.00 33.00,408.00 Z
           M 23.00,421.00
           C 24.11,415.55 25.47,414.19 29.00,410.00
             29.00,410.00 23.00,421.00 23.00,421.00 Z
           M 153.00,414.00
           C 153.00,414.00 152.00,415.00 152.00,415.00
             152.00,415.00 152.00,414.00 152.00,414.00
             152.00,414.00 153.00,414.00 153.00,414.00 Z
           M 247.99,434.00
           C 247.99,434.00 247.00,449.00 247.00,449.00
             249.85,433.84 249.77,430.19 247.00,415.00
             247.00,415.00 247.99,434.00 247.99,434.00 Z
           M 102.00,415.00
           C 102.00,415.00 101.00,416.00 101.00,416.00
             101.00,416.00 101.00,415.00 101.00,415.00
             101.00,415.00 102.00,415.00 102.00,415.00 Z
           M 161.00,425.00
           C 161.00,425.00 153.00,416.00 153.00,416.00
             153.00,416.00 161.00,425.00 161.00,425.00 Z
           M 102.00,418.00
           C 102.00,418.00 101.00,419.00 101.00,419.00
             101.00,419.00 101.00,418.00 101.00,418.00
             101.00,418.00 102.00,418.00 102.00,418.00 Z
           M 103.00,421.00
           C 103.00,421.00 102.00,422.00 102.00,422.00
             102.00,422.00 102.00,421.00 102.00,421.00
             102.00,421.00 103.00,421.00 103.00,421.00 Z
           M 163.00,425.00
           C 163.00,425.00 162.00,426.00 162.00,426.00
             162.00,426.00 162.00,425.00 162.00,425.00
             162.00,425.00 163.00,425.00 163.00,425.00 Z
           M 165.00,427.00
           C 165.00,427.00 164.00,428.00 164.00,428.00
             164.00,428.00 164.00,427.00 164.00,427.00
             164.00,427.00 165.00,427.00 165.00,427.00 Z
           M 23.00,430.00
           C 23.00,430.00 22.00,431.00 22.00,431.00
             22.00,431.00 22.00,430.00 22.00,430.00
             22.00,430.00 23.00,430.00 23.00,430.00 Z
           M 104.00,430.00
           C 104.00,430.00 103.00,431.00 103.00,431.00
             103.00,431.00 103.00,430.00 103.00,430.00
             103.00,430.00 104.00,430.00 104.00,430.00 Z
           M 170.00,430.00
           C 170.00,430.00 169.00,431.00 169.00,431.00
             169.00,431.00 169.00,430.00 169.00,430.00
             169.00,430.00 170.00,430.00 170.00,430.00 Z
           M 172.00,431.00
           C 172.00,431.00 171.00,432.00 171.00,432.00
             171.00,432.00 171.00,431.00 171.00,431.00
             171.00,431.00 172.00,431.00 172.00,431.00 Z
           M 104.00,432.00
           C 104.00,432.00 103.00,433.00 103.00,433.00
             103.00,433.00 103.00,432.00 103.00,432.00
             103.00,432.00 104.00,432.00 104.00,432.00 Z
           M 172.00,436.00
           C 172.00,436.00 173.00,432.00 173.00,432.00
             173.00,432.00 172.00,436.00 172.00,436.00 Z
           M 25.00,438.00
           C 25.00,438.00 23.00,433.00 23.00,433.00
             23.00,433.00 25.00,438.00 25.00,438.00 Z
           M 62.00,433.00
           C 61.92,439.48 59.56,444.34 52.00,443.00
             56.64,439.40 57.57,438.33 60.00,433.00
             60.00,433.00 62.00,433.00 62.00,433.00 Z
           M 201.00,436.00
           C 210.02,436.17 208.19,439.45 218.00,441.00
             216.34,446.07 212.96,447.11 208.00,448.18
             200.29,449.85 180.47,448.40 176.09,440.82
             174.63,438.08 175.23,435.80 176.09,433.00
             191.18,436.05 185.10,435.72 201.00,436.00 Z
           M 170.00,445.00
           C 170.00,445.00 172.00,438.00 172.00,438.00
             174.03,441.52 172.76,442.46 170.00,445.00 Z
           M 31.00,443.00
           C 31.00,443.00 30.00,444.00 30.00,444.00
             30.00,444.00 30.00,443.00 30.00,443.00
             30.00,443.00 31.00,443.00 31.00,443.00 Z
           M 167.64,460.79
           C 166.23,457.11 170.56,445.67 174.21,444.24
             176.58,443.32 183.90,447.35 187.00,448.28
             193.31,450.18 201.53,450.72 208.00,449.33
             211.23,448.64 217.57,445.53 220.00,446.29
             224.34,447.66 229.74,456.83 231.38,461.00
             232.26,463.28 233.38,466.12 231.38,468.16
             228.61,471.01 213.30,472.82 209.00,472.96
             201.68,473.19 189.91,469.80 184.00,471.00
             184.00,471.00 207.00,473.99 207.00,473.99
             207.00,473.99 234.00,470.00 234.00,470.00
             233.97,472.10 234.13,474.89 232.98,476.72
             230.64,480.44 220.20,481.63 216.00,482.00
             216.00,482.00 207.00,482.92 207.00,482.92
             199.07,482.92 185.30,480.25 178.00,477.13
             170.62,473.97 166.50,472.57 166.00,464.00
             166.00,464.00 173.00,465.00 173.00,465.00
             170.89,464.00 168.55,463.17 167.64,460.79 Z
           M 64.00,450.00
           C 64.00,450.00 63.00,444.00 63.00,444.00
             63.00,444.00 64.00,450.00 64.00,450.00 Z
           M 35.00,445.00
           C 35.00,445.00 34.00,446.00 34.00,446.00
             34.00,446.00 34.00,445.00 34.00,445.00
             34.00,445.00 35.00,445.00 35.00,445.00 Z
           M 255.00,451.00
           C 255.00,451.00 256.00,445.00 256.00,445.00
             256.00,445.00 255.00,451.00 255.00,451.00 Z
           M 38.00,446.00
           C 38.00,446.00 37.00,447.00 37.00,447.00
             37.00,447.00 37.00,446.00 37.00,446.00
             37.00,446.00 38.00,446.00 38.00,446.00 Z
           M 40.00,446.00
           C 40.00,446.00 39.00,447.00 39.00,447.00
             39.00,447.00 39.00,446.00 39.00,446.00
             39.00,446.00 40.00,446.00 40.00,446.00 Z
           M 170.00,446.00
           C 170.00,446.00 169.00,447.00 169.00,447.00
             169.00,447.00 169.00,446.00 169.00,446.00
             169.00,446.00 170.00,446.00 170.00,446.00 Z
           M 42.00,447.00
           C 42.00,447.00 41.00,448.00 41.00,448.00
             41.00,448.00 41.00,447.00 41.00,447.00
             41.00,447.00 42.00,447.00 42.00,447.00 Z
           M 47.00,447.00
           C 47.00,447.00 46.00,448.00 46.00,448.00
             46.00,448.00 46.00,447.00 46.00,447.00
             46.00,447.00 47.00,447.00 47.00,447.00 Z
           M 169.00,448.00
           C 169.00,448.00 168.00,449.00 168.00,449.00
             168.00,449.00 168.00,448.00 168.00,448.00
             168.00,448.00 169.00,448.00 169.00,448.00 Z
           M 166.00,455.00
           C 166.00,455.00 167.00,451.00 167.00,451.00
             167.00,451.00 166.00,455.00 166.00,455.00 Z
           M 241.00,462.00
           C 241.00,462.00 245.00,452.00 245.00,452.00
             242.64,454.97 240.47,458.10 241.00,462.00 Z
           M 65.00,456.00
           C 65.00,456.00 64.00,452.00 64.00,452.00
             64.00,452.00 65.00,456.00 65.00,456.00 Z
           M 107.00,453.00
           C 107.00,453.00 106.00,454.00 106.00,454.00
             106.00,454.00 106.00,453.00 106.00,453.00
             106.00,453.00 107.00,453.00 107.00,453.00 Z
           M 107.00,455.00
           C 107.00,455.00 106.00,456.00 106.00,456.00
             106.00,456.00 106.00,455.00 106.00,455.00
             106.00,455.00 107.00,455.00 107.00,455.00 Z
           M 252.00,459.00
           C 252.00,459.00 253.00,455.00 253.00,455.00
             253.00,455.00 252.00,459.00 252.00,459.00 Z
           M 165.00,460.00
           C 165.00,460.00 164.00,461.00 164.00,461.00
             164.00,461.00 164.00,460.00 164.00,460.00
             164.00,460.00 165.00,460.00 165.00,460.00 Z
           M 246.00,468.00
           C 246.00,468.00 251.00,460.00 251.00,460.00
             250.81,463.86 248.82,465.60 246.00,468.00 Z
           M 295.31,472.34
           C 290.05,470.32 296.04,456.95 301.00,464.00
             301.00,464.00 296.00,468.00 296.00,468.00
             296.00,468.00 300.00,466.00 300.00,466.00
             300.66,469.21 299.92,474.13 295.31,472.34 Z
           M 274.00,466.00
           C 278.80,462.79 282.29,462.24 287.00,466.00
             287.00,466.00 284.00,472.00 284.00,472.00
             284.00,472.00 279.00,467.00 279.00,467.00
             279.00,467.00 280.00,470.00 280.00,470.00
             280.00,470.00 277.00,471.00 277.00,471.00
             277.00,471.00 276.00,467.00 276.00,467.00
             276.00,467.00 276.00,473.00 276.00,473.00
             276.00,473.00 273.00,470.00 273.00,470.00
             273.00,470.00 269.00,472.00 269.00,472.00
             269.00,472.00 271.00,462.00 271.00,462.00
             271.00,462.00 274.00,466.00 274.00,466.00 Z
           M 352.09,467.23
           C 354.61,474.81 340.52,475.94 343.76,467.23
             344.13,466.01 344.68,465.20 345.43,464.41
             346.57,463.21 347.63,462.78 349.00,462.00
             349.00,462.00 352.09,467.23 352.09,467.23 Z
           M 164.00,470.00
           C 164.00,470.00 164.00,463.00 164.00,463.00
             164.00,463.00 164.00,470.00 164.00,470.00 Z
           M 262.00,463.00
           C 262.00,463.00 263.00,466.00 263.00,466.00
             263.00,466.00 266.00,463.00 266.00,463.00
             266.00,463.00 268.00,472.00 268.00,472.00
             268.00,472.00 262.00,470.00 262.00,470.00
             262.00,470.00 260.00,473.00 260.00,473.00
             258.77,468.66 258.77,467.34 260.00,463.00
             260.00,463.00 262.00,463.00 262.00,463.00 Z
           M 322.00,463.00
           C 322.00,463.00 322.00,469.00 322.00,469.00
             322.00,469.00 323.00,466.00 323.00,466.00
             323.00,466.00 329.00,469.00 329.00,469.00
             329.00,469.00 326.00,464.00 326.00,464.00
             328.78,464.03 331.68,465.13 330.35,468.69
             329.46,471.05 320.32,472.54 318.17,471.67
             316.57,471.02 316.09,470.14 315.00,469.00
             311.99,472.98 308.47,472.11 304.00,471.00
             304.00,471.00 302.00,473.00 302.00,473.00
             302.03,470.38 302.34,460.84 307.00,466.00
             310.98,464.45 311.08,464.21 315.00,466.00
             315.00,466.00 322.00,463.00 322.00,463.00 Z
           M 335.00,467.00
           C 335.00,467.00 339.00,468.00 339.00,468.00
             339.00,468.00 338.00,463.00 338.00,463.00
             346.11,467.88 337.81,475.02 335.00,467.00 Z
           M 71.00,468.00
           C 71.00,468.00 69.00,464.00 69.00,464.00
             69.00,464.00 71.00,468.00 71.00,468.00 Z
           M 173.00,467.00
           C 173.00,467.00 178.00,467.00 178.00,467.00
             178.00,467.00 174.00,466.00 174.00,466.00
             174.00,466.00 173.00,467.00 173.00,467.00 Z
           M 315.00,466.00
           C 315.00,466.00 316.00,467.00 316.00,467.00
             316.00,467.00 316.00,466.00 316.00,466.00
             316.00,466.00 315.00,466.00 315.00,466.00 Z
           M 334.00,472.00
           C 334.00,472.00 332.00,472.00 332.00,472.00
             332.00,472.00 332.00,465.00 332.00,465.00
             332.00,465.00 334.00,472.00 334.00,472.00 Z
           M 105.00,468.00
           C 105.00,468.00 104.00,469.00 104.00,469.00
             104.00,469.00 104.00,468.00 104.00,468.00
             104.00,468.00 105.00,468.00 105.00,468.00 Z
           M 241.00,473.00
           C 241.00,473.00 241.00,472.00 241.00,472.00
             241.00,472.00 243.00,470.00 243.00,470.00
             243.00,470.00 241.00,473.00 241.00,473.00 Z
           M 166.00,471.00
           C 166.00,471.00 165.00,472.00 165.00,472.00
             165.00,472.00 165.00,471.00 165.00,471.00
             165.00,471.00 166.00,471.00 166.00,471.00 Z
           M 171.00,476.00
           C 171.00,476.00 167.00,473.00 167.00,473.00
             167.00,473.00 171.00,476.00 171.00,476.00 Z
           M 82.00,478.00
           C 82.00,478.00 78.00,475.00 78.00,475.00
             78.00,475.00 82.00,478.00 82.00,478.00 Z
           M 237.00,475.00
           C 237.00,475.00 236.00,476.00 236.00,476.00
             236.00,476.00 236.00,475.00 236.00,475.00
             236.00,475.00 237.00,475.00 237.00,475.00 Z
           M 98.00,477.00
           C 98.00,477.00 97.00,478.00 97.00,478.00
             97.00,478.00 97.00,477.00 97.00,477.00
             97.00,477.00 98.00,477.00 98.00,477.00 Z
           M 237.00,477.00
           C 237.00,477.00 236.00,478.00 236.00,478.00
             236.00,478.00 236.00,477.00 236.00,477.00
             236.00,477.00 237.00,477.00 237.00,477.00 Z
           M 85.00,478.00
           C 85.00,478.00 84.00,479.00 84.00,479.00
             84.00,479.00 84.00,478.00 84.00,478.00
             84.00,478.00 85.00,478.00 85.00,478.00 Z
           M 92.00,478.00
           C 92.00,478.00 91.00,479.00 91.00,479.00
             91.00,479.00 91.00,478.00 91.00,478.00
             91.00,478.00 92.00,478.00 92.00,478.00 Z
           M 179.00,479.00
           C 179.00,479.00 178.00,480.00 178.00,480.00
             178.00,480.00 178.00,479.00 178.00,479.00
             178.00,479.00 179.00,479.00 179.00,479.00 Z
           M 181.00,480.00
           C 181.00,480.00 180.00,481.00 180.00,481.00
             180.00,481.00 180.00,480.00 180.00,480.00
             180.00,480.00 181.00,480.00 181.00,480.00 Z
           M 234.00,480.00
           C 234.00,480.00 233.00,481.00 233.00,481.00
             233.00,481.00 233.00,480.00 233.00,480.00
             233.00,480.00 234.00,480.00 234.00,480.00 Z
           M 226.00,483.00
           C 226.00,483.00 222.00,483.00 222.00,483.00
             222.00,483.00 225.00,482.00 225.00,482.00
             225.00,482.00 226.00,483.00 226.00,483.00 Z
           M 228.00,482.00
           C 228.00,482.00 227.00,483.00 227.00,483.00
             227.00,483.00 227.00,482.00 227.00,482.00
             227.00,482.00 228.00,482.00 228.00,482.00 Z
           M 191.00,483.00
           C 191.00,483.00 190.00,484.00 190.00,484.00
             190.00,484.00 190.00,483.00 190.00,483.00
             190.00,483.00 191.00,483.00 191.00,483.00 Z
           M 193.00,483.00
           C 193.00,483.00 192.00,484.00 192.00,484.00
             192.00,484.00 192.00,483.00 192.00,483.00
             192.00,483.00 193.00,483.00 193.00,483.00 Z
           M 197.00,484.00
           C 197.00,484.00 196.00,485.00 196.00,485.00
             196.00,485.00 196.00,484.00 196.00,484.00
             196.00,484.00 197.00,484.00 197.00,484.00 Z
           M 203.00,484.00
           C 203.00,484.00 202.00,485.00 202.00,485.00
             202.00,485.00 202.00,484.00 202.00,484.00
             202.00,484.00 203.00,484.00 203.00,484.00 Z
           M 217.00,484.00
           C 217.00,484.00 216.00,485.00 216.00,485.00
             216.00,485.00 216.00,484.00 216.00,484.00
             216.00,484.00 217.00,484.00 217.00,484.00 Z
           M 219.00,484.00
           C 219.00,484.00 218.00,485.00 218.00,485.00
             218.00,485.00 218.00,484.00 218.00,484.00
             218.00,484.00 219.00,484.00 219.00,484.00 Z" />
</svg>
